 143.7411462131 -77.9231584973
 143.1733654291 -74.7512936227
 169.9196765118 -71.1930289758
 163.1594362838 -67.9851603344
 166.8730735139 -65.9154645256
 164.4793301772 -66.5992156359
 164.8060411405 -66.5231985656
 165.4777976743 -66.0122932952
 165.3021404670 -65.4633535923
 164.9074439410 -65.6937191971
 164.5462057786 -65.7139978275
 164.2766359881 -65.5479149552
 164.5578744030 -65.5209183286
 164.5559846604 -65.4795080589
 164.9780178681 -65.2523535368
 164.3138453002 -65.4093307826
 161.1742581104 -65.9250473787
 161.1914067493 -65.9071988851
 160.1382294094 -65.9277826914
 160.0637242181 -65.4846905421
 162.1118849142 -65.9262720872
 162.1159172831 -65.9138941031
 162.5926724702 -66.0221442395
 163.0795072894 -65.9685162241
 163.5097649164 -65.7958457863
 163.5315036556 -65.7487773244
 163.2233753790 -65.6413503948
 162.2936067163 -65.6725360786
 161.2377679583 -65.4155619943
 161.6373836462 -65.4550370583
 161.4197961694 -65.2672990592
 161.7999873769 -65.2427616186
 163.6489568350 -65.5427500809
 163.3838060369 -65.4229997767
 163.7080325717 -65.4460146147
 163.1365381587 -65.3400058092
 163.0710288871 -65.0468774236
 162.9095899312 -65.0311215644
 163.5283622693 -65.0385976017
 163.3072751460 -64.9570244280
 163.1543020897 -64.7880476596
 162.5191636046 -65.0913684027
 162.4726096245 -64.8337034279
 162.4514819901 -64.7745308388
 162.5468878313 -64.5777816984
 162.7046798042 -64.5103651571
 162.6915673071 -64.4794120240
 162.2383779087 -64.6914499097
 162.2084374282 -64.5207156588
 161.9077789431 -64.5606781883
 162.2303160337 -64.4701872784
 162.0385708077 -64.4281596364
 162.1056234315 -64.3788268081
 160.5882556528 -65.3521916284
 160.5136293019 -65.3512675008
 160.5130012406 -65.3496517331
 160.0474953241 -65.1001630667
 161.3319466038 -65.1177431123
 161.2482296646 -65.0385876488
 160.5293302063 -64.7687941577
 160.1255698076 -64.7045942794
 160.0617793146 -64.4387374377
 160.0641254077 -64.4392340144
 161.3125433466 -64.8060459809
 161.4227733903 -64.7394007888
 161.3904013464 -64.7025896587
 161.3912803764 -64.7037854331
 161.5410403015 -64.5955321633
 161.1451355664 -64.5371136491
 160.8885650649 -64.5759848950
 160.8457285562 -64.4866107699
 161.5540679212 -64.4354346679
 161.7132213308 -64.3834297885
 161.3563364974 -64.3285410526
 161.6905038503 -64.1331583413
 161.5616175013 -64.0494163382
 160.9038729679 -64.2259946115
 160.9354030558 -64.1184340504
 160.8726675803 -64.0684298667
 160.7595828835 -64.0369966432
 160.3507447149 -63.8979506675
 160.7869131744 -63.9396018662
 160.4704234134 -63.8381090816
 160.0656257083 -63.8964483283
 166.8748413988 -65.3766615334
 168.4940730339 -64.6687208207
 167.8124309942 -64.6371339723
 166.3555241598 -65.2848641836
 165.3743574961 -65.3329470243
 165.6019496979 -65.1729331979
 165.3994397585 -65.1420612879
 165.2506586098 -64.9769049645
 164.6401383528 -64.9145294377
 165.5339460192 -64.7014448246
 164.5695363757 -64.5281603706
 164.8158058869 -64.4601121760
 166.2078914391 -64.6156877788
 164.7156452210 -64.2114666128
 165.9583400276 -63.9260268590
 165.0060229667 -63.8774338911
 165.1327536605 -63.7345448924
 168.1384178877 -64.3406394603
 167.6359129735 -64.1555140554
 165.6874402618 -63.4945649097
 164.0479421229 -64.8004150132
 163.5722121719 -64.6808586595
 163.5446158145 -64.6414632927
 164.3388703061 -64.4046872309
 164.3438900763 -64.2761814679
 164.3559463945 -64.2497037114
 164.1026272558 -64.1195550231
 163.6671202798 -64.2481190078
 163.6252232929 -64.0017947676
 163.6176858374 -63.9726287506
 163.0269689148 -64.5044298693
 163.0759469630 -64.1811270911
 163.0433662525 -64.1138143481
 162.6862364930 -64.1727284686
 162.2078587381 -64.2134471603
 162.2789373263 -64.0509558450
 162.2150075959 -63.9616239583
 163.3584922236 -64.0523137362
 163.2445055693 -64.0346497929
 163.4069736731 -63.9206265472
 162.5903435028 -63.5202211317
 164.0512025834 -63.8137903411
 163.9057255668 -63.7379784696
 163.0453221370 -63.3398465872
 163.1152435007 -62.7615121569
 161.7717446684 -64.0643234398
 161.6469296709 -64.0623401748
 161.6970162658 -63.9357811545
 162.1746287561 -63.8329690852
 161.9992046476 -63.7576623187
 161.8224688201 -63.7247458981
 161.1784975987 -63.8454615473
 161.3989926874 -63.6954369625
 161.3271047282 -63.5406249976
 162.2511436084 -63.7021390511
 161.7156513077 -63.5709992982
 161.7110377096 -63.5712858304
 160.9529327294 -63.7799919709
 160.2693509793 -63.2792376615
 162.1206726754 -62.8839719106
 162.1124291614 -62.7563881271
 162.1110669596 -62.7558567088
 161.1865654851 -62.2852492271
 164.4512777739 -62.6922891096
 163.8657477073 -62.7218900205
 162.7753541314 -62.6091639263
 161.3487300052 -61.7750666157
 163.5881725706 -61.3394835126
 152.0818271173 -65.2593668102
 142.1512498998 -66.1228871897
 159.7036961913 -63.5119121104
 160.3379920381 -54.6216477313
 175.2950469548 -52.0258787582
 160.9019495964 -65.0392451633
 176.6943995752 -53.9095115182
 179.4375187368 -50.6316049989
 192.1488868636 -58.6125135864
 183.5272992947 -53.8389946439
 177.3790158150 -52.7246685342
 177.0249820531 -50.2342388827
 176.8520263625 -49.8842151725
 178.7671290598 -49.9039051745
 177.4495836458 -48.9589066545
 178.1568835708 -48.6524730649
 174.4934432763 -45.7599677823
 179.3209767270 -41.6922573397
 184.9973031776 -50.3113266171
 182.8168319762 -48.0727431567
 182.3490582951 -47.1693995308
 182.5470380492 -46.9875160883
 183.6191599589 -47.6128420484
 180.6889082503 -44.7791103178
 184.0045691572 -56.2353370937
 189.0855666981 -51.7354810826
 179.6619667287 -52.7687536242
 176.4363672080 -52.6905637380
 186.2559468481 -52.2707489074
 185.3325543847 -48.6222919087
 178.8558338657 -69.0780578363
 178.3705668429 -67.1869415316
 178.0741173603 -66.7626862314
 179.4231590160 -66.7431779757
 179.0527684646 -65.6319247774
 179.1674893262 -64.9385718352
 178.5370872257 -64.6803932553
 181.9071391336 -69.2042450942
 183.2893932179 -69.1981696040
 180.6565667249 -69.1923192554
 183.7273641659 -68.2672447346
 181.7237177460 -67.5596727854
 184.1247872031 -67.1966394900
 181.2644950979 -67.4353697337
 182.6148617573 -66.0661329231
 183.0331399839 -65.9153087913
 183.0543044163 -65.9136928661
 183.6864854696 -65.6979685357
 184.8397657910 -64.9029007072
 181.2674129043 -64.7893504357
 180.7296760608 -64.8939037746
 178.2830491203 -56.7272947425
 189.7104350201 -60.2929884470
 192.8728188667 -59.4060295301
 195.6619137145 -58.5048144814
 196.3238429931 -57.9710563940
 188.3527527305 -59.2637155675
 187.3317843480 -59.2121479907
 186.8485106492 -58.9051505535
 187.6806512968 -58.3896649130
 187.3991555551 -58.4379520076
 187.4098102461 -58.1664805899
 187.4670789049 -58.1211738411
 186.8325688686 -58.3095307563
 189.9397738674 -59.2755185392
 191.9110239766 -58.4157622689
 193.4470450939 -58.0560819788
 194.0067806730 -57.6363320644
 194.3065652287 -57.1628434804
 188.9074223948 -57.9686737995
 188.9075021554 -57.7719006847
 188.3375341984 -57.4350000540
 189.3161800115 -56.9497139315
 190.8765770279 -57.0552177624
 192.4615736543 -56.0965167847
 192.2512943664 -55.9775759548
 192.6895296097 -55.5066315616
 196.1756608831 -54.1837232015
 182.4240895296 -58.9125645894
 183.0920689654 -58.0196040508
 185.7384781063 -58.1931940535
 187.5399687201 -57.5411108456
 184.7608214462 -57.9345474783
 181.5168739017 -57.7700817209
 181.5174005957 -57.7696004947
 182.7067180066 -56.4454066642
 184.5903305020 -57.1415012090
 188.7875048980 -57.1018654463
 189.7355322461 -56.0974048396
 190.7879905727 -56.1762809747
 190.3747781550 -54.8944682628
 192.6506633311 -54.6687210512
 191.8584615511 -54.7543915044
 188.1878751954 -55.3884246889
 188.3328064502 -54.9811675584
 191.0297582125 -54.1089724154
 191.0078270491 -53.5057697535
 192.7300609477 -52.3862473542
 180.0396113459 -57.1184355502
 188.9410263604 -53.4868730523
 188.7113752902 -53.4649319763
 194.6107871987 -47.4583348012
 185.1393471486 -56.9716255345
 183.1502689439 -55.3341599824
 181.8410153408 -53.6561882854
 189.5696553899 -50.7747496648
 186.1198152467 -48.8167694722
 190.9672672131 -39.7710642547
 185.8657282928 -60.2374356829
 181.4858756831 -61.2139320218
 186.6597444886 -59.4809966847
 185.9140957056 -56.8746656509
 186.5088524773 -56.5552823892
 185.6276636450 -56.4740392827
 185.9795452111 -56.2776709541
 187.3033498673 -55.6269132328
 187.0536939800 -55.3780451226
 187.0370836476 -55.3817657098
 185.8093664553 -55.6712813064
 184.4713209986 -55.9755822780
 188.4925065646 -56.5707563417
 188.2349648725 -55.9490352984
 192.7277735576 -54.8051691595
 192.5567945468 -52.8362094859
 192.2257326432 -52.7778828315
 191.7779037600 -52.6943437960
 193.1457234873 -52.2366837075
 184.4749033336 -55.4567905398
 184.8051629053 -55.3388948570
 184.4818384058 -54.9495089257
 184.4816924398 -54.8969953595
 185.1166883636 -54.5937161789
 184.2153779294 -54.6407799505
 185.2596143007 -53.9734158465
 185.2949263354 -53.8480476325
 185.8233285394 -54.1882951204
 185.6767421789 -53.5826080681
 185.1129693374 -53.6698777228
 185.3184029866 -53.2958785651
 185.8616618600 -52.7122867940
 186.3145480045 -52.6537529051
 184.8723454165 -52.9481265433
 183.7920040240 -53.1008949401
 185.2781995127 -52.2115106921
 185.2834213244 -52.2063634353
 185.8211820197 -52.4783021211
 185.9636610357 -52.4037435268
 185.9882131399 -52.2168872966
 186.6881200413 -51.8971410473
 185.6956995039 -52.2512524523
 185.6590758898 -52.0970200408
 186.1133840113 -51.6762611927
 186.8065424273 -51.4120788679
 189.1031053336 -53.1957168103
 188.4790902143 -52.6631242828
 187.6805945409 -52.7604890028
 190.1941074068 -52.1846697633
 190.1919589799 -52.1845214236
 190.1761284034 -51.7421452667
 191.0698555316 -52.6571948586
 192.4425650824 -51.2090202354
 191.6754967055 -51.0296112540
 191.6294901317 -50.9079782184
 187.6230205358 -52.3742171369
 188.5786364935 -51.4120596246
 189.2816124737 -51.1321256825
 188.7251650574 -50.9859928814
 190.4467674550 -51.1684670233
 190.2369481736 -50.6334377139
 191.2129553088 -49.7976320875
 183.3268275290 -51.9448452794
 184.4301593464 -52.3428045449
 184.0429581906 -52.3221849032
 184.7485879948 -52.2309222403
 184.4608066318 -52.3102506107
 185.0289790489 -51.6226009714
 184.6924355372 -51.6033242654
 185.7739010469 -51.5979472088
 185.7749504337 -51.3007807620
 185.7758137295 -51.3040047460
 186.3488924922 -51.1023941982
 185.0805672680 -51.2186251302
 184.3451625310 -51.3634351791
 185.6033036280 -51.0262690617
 186.2482727130 -50.1919090987
 183.6418026135 -51.1701927063
 184.0175230665 -50.6595357646
 184.8571499759 -50.4526871041
 183.5509974568 -50.6695755087
 183.5578984917 -50.5071112786
 189.9608558878 -48.3618261356
 182.5384266901 -48.9289013226
 187.7175211620 -46.7900613419
 187.2517587520 -63.2052784624
 186.8393051380 -63.2460402992
 187.6994205248 -61.3611224958
 187.6922539977 -61.3593598062
 188.1010786779 -61.2321098511
 189.6301854511 -61.4759560506
 190.2391648604 -60.2292172939
 187.0844226074 -61.0703338836
 186.0403446703 -60.0616260351
 187.3097468773 -60.0202905197
 186.6027303920 -59.7432635237
 186.2533830538 -59.6816544661
 186.2596101516 -59.6801910414
 186.2880756854 -59.0994024648
 188.3548907473 -58.1978331389
 187.7017826345 -58.3934528395
 187.6924831841 -58.1880568656
 188.0890424905 -57.8777366693
 189.8074161818 -59.9379633879
 190.3759945239 -59.6359461859
 190.5457990152 -59.5956042377
 189.7678962823 -59.3566683026
 190.0599240225 -59.4875198915
 190.4525262948 -59.2491182311
 189.9996187520 -59.3671638259
 192.1755268010 -58.6390226349
 189.9833639205 -59.1525511027
 189.7980653000 -59.0266439916
 189.1532860047 -58.8094475415
 189.7009314994 -58.7939914986
 190.0557245396 -58.6719287563
 190.3254339043 -58.4322799131
 191.5006581630 -58.4381586909
 189.1379654625 -58.5315801090
 188.6162896253 -58.2668799180
 189.5166566382 -58.0480275144
 190.5021684330 -57.9968835180
 190.4827042210 -57.8886986918
 191.3119884494 -57.2387562331
 191.2811752050 -57.1150156074
 189.3344254186 -57.6979646260
 189.6126660975 -57.5225631144
 189.9078545839 -57.5280092073
 188.8521440199 -57.2085863719
 191.6827076801 -56.6356685350
 190.1409478615 -56.9251763114
 192.1992031198 -56.5942166739
 192.2005091934 -56.5938928086
 193.5781474181 -56.3147679516
 195.1580192526 -55.7902290840
 196.8973453114 -56.2103624301
 195.6561444127 -54.9936243372
 185.2285637900 -58.4059798265
 185.2957234298 -58.2200255645
 185.4782320394 -57.7152689896
 185.6198959892 -57.6534374578
 185.7056569987 -57.6761832188
 186.4783053043 -58.0703149017
 186.4377891256 -57.8737763315
 187.1041219801 -57.1271148532
 184.6858135385 -57.8985274187
 185.5924349927 -56.9103687553
 186.6679928974 -57.1671915344
 186.1428048033 -57.0986755414
 187.6999152141 -56.5708859776
 184.2490501681 -56.9662161646
 185.7558369958 -56.6483745602
 185.9169148559 -56.2757618528
 184.3550753557 -56.7262759230
 187.3694415956 -55.9711087409
 187.6118553659 -55.6827683641
 187.1568118197 -55.4090899799
 184.6044451909 -55.9738320656
 184.0194862862 -55.8540157440
 188.3905742298 -57.2352184270
 188.3839290817 -57.2362062400
 188.7587053536 -56.9689797989
 188.7183809117 -56.8805912153
 188.7179978839 -56.8802232635
 189.4815379243 -56.7736607053
 188.4976516264 -56.5800615328
 189.4291443790 -55.8142359796
 194.2516769579 -53.6872800506
 188.2719563881 -55.3060583400
 187.7851797933 -54.9457145700
 193.2161894188 -53.0354268642
 183.7176740189 -55.7843923809
 183.7271110937 -55.5681762046
 183.1485510766 -55.3997510091
 183.1487332345 -55.3409640879
 183.2602149701 -55.0904933209
 183.4833494983 -55.0318340631
 183.9617764691 -55.6652753333
 184.1911398258 -55.4890711152
 182.5394673103 -54.5112459021
 184.1913140149 -53.5161406732
 197.5000393348 -52.9443762492
 194.8739558974 -52.1486660503
 194.8245040061 -50.5438634470
 181.0640803479 -52.9607231629
 181.1850504945 -52.3543941410
 183.8165654522 -51.2263787766
 201.3120985819 -56.3564189568
 201.8981066683 -56.3204251474
 196.4617368160 -53.0718057496
 196.5090271282 -50.7541265342
 187.1839144563 -49.5839053932
 194.9157518231 -40.3855513216
 184.8115656872 -41.0562115176
 202.1258719959 -39.5688564127
 199.4048429429 -33.4210488025
 197.4314225356 -33.4803284989
 191.2487549353 -60.4455865977
 191.4406777997 -60.4352442631
 190.2899728352 -59.9940455398
 191.6725217214 -59.5391639702
 190.5829288409 -58.7834445683
 192.0318656349 -57.0860662186
 190.3440894666 -57.3459987794
 190.9571847574 -56.5643954254
 190.0555977759 -56.7235008047
 197.5046416405 -55.4574143034
 197.0312037254 -54.5419198505
 196.2227790712 -54.3639773889
 197.7540174323 -53.4570498987
 189.8704147384 -55.8617042145
 190.7157362914 -55.5219730630
 190.1502243946 -55.5431124024
 189.7030794519 -55.3269351260
 189.1040480682 -55.1195650194
 194.9993033294 -50.3896348494
 177.8994499826 -62.8373660699
 184.4751043449 -57.3033274779
 183.4314573376 -57.5814921352
 182.4189458869 -53.5410051859
 193.6822952945 -59.7849147439
 200.0361252522 -52.8244080097
 201.1895453906 -51.2551543486
 191.9511126676 -54.5259637257
 193.4020838272 -54.0910759509
 190.2711157349 -54.3503073399
 192.7729498019 -52.8867860620
 191.7421776789 -52.6383506985
 192.7140747440 -51.9432200908
 190.4239904357 -51.4841279957
 191.9382705684 -52.2049697934
 192.5699043763 -51.5108959662
 193.6039775819 -50.7366694582
 192.0413783516 -51.1261200102
 192.0212035768 -51.0940506328
 191.8997061567 -50.8478133275
 192.4253764299 -49.8878132126
 192.5819164182 -49.8636745795
 191.2059458928 -49.3132827288
 197.6800100452 -52.2167935229
 198.0167683189 -51.1088479741
 196.3058942054 -51.6392103564
 198.2176125106 -50.1245161345
 197.1194664597 -49.7393097481
 197.4314880231 -49.5181712623
 197.4305865511 -49.5177685338
 198.3005726875 -49.4255004554
 196.4641355536 -48.2663698840
 195.0375286172 -47.6204813206
 198.8390674623 -46.6909588550
 193.9170890124 -47.4043879244
 193.6307831049 -46.1268507574
 195.0016217762 -45.2306420404
 195.0009850394 -45.2305632479
 195.3614108409 -44.6515258705
 193.5980790742 -40.0114393219
 197.5206800970 -59.9500946540
 193.3245555721 -60.2333372535
 195.0867446046 -56.2289652782
 198.3332776229 -54.0309291055
 202.5790091094 -50.3375538030
 204.2877820239 -50.5770779720
 193.6027698968 -52.4749873937
 192.7155135017 -51.9430808268
 196.8893547632 -52.9055665020
 196.6643880244 -51.9957512352
 196.6669481087 -51.9941374453
 193.9517733615 -51.5606600687
 194.8910407238 -51.1197807515
 199.3205280164 -49.5676664920
 204.0778227866 -46.9604882959
 195.5677780893 -50.2955906687
 195.5677565954 -50.2959423753
 196.3107153042 -49.3164983843
 198.4299914278 -45.2396302261
 195.2068112107 -55.9473761406
 194.5252921635 -54.3233902001
 190.9190904618 -53.4595505406
 193.0899105275 -50.9070036492
 191.5639555398 -50.7548459658
 189.9099115046 -50.7112845361
 194.3970715148 -51.5947946263
 205.8696494892 -66.2720996972
 204.5341846480 -63.7057912551
 203.9522798661 -63.8060757110
 202.2936700702 -62.6722375999
 202.1227643838 -62.2855190674
 203.0378946321 -61.5506411672
 203.0494198924 -61.5452284269
 199.8995932984 -62.5768594331
 199.7572223493 -61.1165836458
 199.7576809303 -61.1150024387
 201.0338600388 -60.2054174720
 198.3701102034 -60.8235299716
 198.4856768651 -60.2810238828
 199.0130766217 -60.0198290663
 202.5371217771 -58.4846329258
 197.3171124643 -60.3084374799
 196.5082129304 -60.5694421740
 195.1394244245 -59.8289119651
 196.1321743811 -59.9799331225
 196.8042142706 -59.8692683886
 196.8118077855 -59.8691821275
 197.0143969210 -59.0938384334
 194.6500926067 -59.8998185001
 194.6596902610 -59.5446691713
 194.9407222564 -59.5328283063
 195.0683830573 -59.0960547193
 195.3550410660 -59.6464475473
 195.4981935956 -59.3398965847
 195.4396488947 -58.9914433497
 193.8414409473 -58.7782301898
 194.3472596412 -58.3404097633
 195.9362123608 -57.8740079020
 195.6138289578 -57.8800099330
 196.1679522214 -57.5398111271
 193.6443615692 -58.4614316180
 194.7610840286 -57.7400727692
 195.9211141842 -56.9626799574
 193.1685643095 -57.6360208488
 192.9217476381 -57.5205181655
 194.5191710585 -56.5672113475
 194.5507717922 -56.4324376278
 192.7525637212 -56.7224305813
 193.3719190713 -56.4045867548
 193.8484141002 -56.1450332644
 195.3738527345 -55.5313361030
 193.1375319762 -55.7078674361
 198.5245227065 -60.1023323201
 198.0727320850 -59.9447669393
 198.8587625229 -59.7331827946
 198.7735426898 -59.7285769435
 198.8819124115 -59.4014776650
 199.4125868469 -59.2926651757
 199.8311343240 -59.4724259546
 199.6662053434 -59.2358376063
 200.3123182077 -59.1183244760
 200.3341532625 -59.0623484096
 199.9035850473 -59.0099362028
 200.1065865437 -58.8391888997
 198.0614756211 -59.4028496706
 201.9271898581 -57.9143368733
 196.9530605807 -58.2393588004
 197.8261025924 -57.8778540747
 196.6441309010 -57.5643450014
 199.1392365048 -56.2108946472
 201.0234794992 -55.4533231322
 197.0568050773 -56.9731837016
 197.3501816496 -56.2787587038
 198.5434991199 -56.1250524553
 198.2159161496 -55.5953337275
 197.6399322114 -55.7688225996
 198.0732432286 -55.1406284523
 201.2093137188 -54.3402375676
 199.7911470245 -54.5058659705
 196.9953575576 -55.1316636368
 198.0770839316 -54.6754535663
 197.4930134653 -54.2971259310
 196.9092359973 -53.4598584166
 201.0377060175 -52.0839332202
 203.1121127239 -53.3893756102
 203.1052989907 -53.3902609263
 204.1049228902 -52.7747550358
 203.6794347916 -52.8697310824
 204.5467788452 -52.2403942642
 202.3592801725 -52.6730509063
 201.8506344400 -52.7107632728
 202.5228494860 -52.3748947290
 204.7690516955 -51.0950452164
 204.7168954560 -51.0852398478
 202.5066479540 -52.0901620753
 202.7228159248 -51.7796130930
 201.8872763738 -51.9632349890
 202.9328560821 -51.0037987728
 196.1435997601 -53.0500986374
 197.9222961881 -52.3836738076
 196.0870390296 -51.5603371402
 197.2620366700 -51.0770578690
 202.5240836932 -54.2994162602
 204.2506045388 -52.0144273265
 199.7563778503 -50.7792899912
 200.2129385339 -50.1456085304
 201.7138707896 -49.7741971140
 202.2814648604 -48.4066371902
 200.9756820108 -47.7714975478
 198.6973889048 -48.3468654334
 198.9794255551 -47.8380254766
 197.4532534217 -48.2194099511
 197.4980780464 -44.5716648297
 216.4053074473 -34.5236509403
 218.7104194055 -55.8976287201
 216.7024280398 -54.7618242386
 227.0310280821 -46.4005887692
 224.5987510134 -45.1470228171
 208.0793492741 -51.3994700754
 212.5605742040 -48.2957966627
 209.0348932499 -50.3468656358
 208.6751882629 -48.3494952890
 209.4919046957 -46.7400825162
 209.7103586958 -43.2811978371
 209.0733098233 -39.6551747873
 206.1812132627 -56.0471139562
 204.6883755030 -50.8866477475
 210.3562645525 -50.5946165642
 210.8952931534 -50.1779456137
 217.3919001771 -48.2217644988
 216.7729642671 -47.2394843793
 206.9921368411 -48.2701806780
 213.6035437742 -45.9453925470
 212.7485000372 -46.1928477819
 212.7513569375 -46.1914871450
 214.2837377678 -45.3932647956
 214.9559309191 -44.5116952767
 212.2334816726 -44.0636838602
 212.9903624575 -44.5591351988
 214.2477571444 -43.8687124374
 216.4730362451 -45.5445115091
 215.7040453617 -44.1369835288
 211.2300553180 -43.6988629099
 211.2382572022 -43.6877090082
 212.0421346755 -41.3980438759
 209.1232629782 -38.6538596699
 214.7045310323 -39.7396906268
 211.6460947275 -39.4447202630
 217.4929921783 -56.1313266774
 212.7938519437 -56.3713001220
 213.4535804143 -53.2696937232
 223.8612016604 -51.4837633016
 226.2751558045 -47.1039925438
 221.7851045472 -50.5873146415
 222.6373060649 -50.1649258222
 221.7724957539 -49.7385349257
 220.0264786331 -49.2045738363
 226.2683969116 -46.6442835403
 223.1687754303 -46.1289218019
 211.9417889446 -49.8038224843
 216.7617375149 -47.6426828840
 214.1195761068 -47.0423949319
 216.8898280019 -46.2136118233
 218.7824110487 -46.9550728457
 205.9600953477 -44.3093323025
 208.5161839902 -42.0765936945
 219.5179098057 -49.5426702181
 218.8518712806 -49.5058250270
 218.2666757608 -48.4483354521
 219.6546260086 -48.8794873073
 221.1993524297 -48.2589778093
 215.8564485419 -48.6855742771
 216.8784528602 -47.4091628216
 217.5074887181 -46.8958226354
 215.3319774206 -47.7590558065
 216.1540119661 -47.1778392609
 216.9901143932 -46.3674833654
 212.7083324552 -43.7397724323
 218.5319341080 -47.8448505076
 217.3421113662 -46.3909242065
 217.4234658097 -46.2743701989
 217.7897577699 -45.5986502227
 218.1078531982 -45.2059001449
 218.4344134309 -44.9501116988
 218.4345837814 -44.9508651931
 217.0385770891 -44.2383015415
 217.3217538545 -43.9846174780
 217.6838549855 -43.9535816758
 218.0399735559 -43.4955055713
 220.6060197309 -41.9038624854
 221.0179944728 -40.9896106746
 222.7942106355 -39.7385844942
 221.0096899218 -39.9913717825
 215.5565477563 -44.2716058204
 216.7963578991 -43.6218266411
 217.4322449239 -43.5274786887
 215.5935110017 -43.0304113532
 217.8097933523 -40.6560279936
 215.9198099714 -41.8890175287
 214.5968197348 -42.1714890756
 217.0622247001 -40.4837635497
 216.9544215299 -39.9825379103
 216.0198431568 -39.3868311131
 216.6482101828 -38.9855133266
 218.9180570138 -40.8097135128
 220.4118183110 -40.2841130205
 220.2394157928 -39.6431017728
 220.6289308924 -39.8447936730
 221.2520515349 -39.6309595875
 220.0364633810 -39.2912305993
 219.8357791123 -39.0912591098
 219.8674779936 -38.3007271632
 220.4292138719 -38.0959459514
 220.4068043161 -37.9429845310
 220.6788676749 -37.7301389115
 217.8393894255 -38.8446743204
 218.1863589143 -38.7564690446
 216.9857386281 -38.2414330526
 218.2439738654 -37.7403048489
 219.0703105696 -38.0749681838
 220.5437954743 -37.0504390955
 220.3505385584 -37.1296595794
 219.7139882244 -36.9340288045
 220.0374503231 -36.8542708093
 219.0809627647 -36.6279985209
 214.3089022504 -40.8592497690
 215.0753815084 -38.9003981541
 215.6230468108 -38.9213820811
 215.3421942498 -38.1513906958
 212.4452536510 -37.6185275945
 214.1747560879 -37.8648469262
 217.5255693279 -37.4275371415
 217.4739875933 -36.9506867610
 217.3304055425 -37.0142712947
 217.1634163772 -36.5732815023
 216.5941399977 -36.9657047389
 216.4351569741 -36.8795885079
 216.2716178254 -36.6263519384
 218.1623433745 -36.5076721643
 212.7482422723 -36.2672584309
 214.2639988128 -34.5368125035
 224.2787309181 -39.9149052523
 224.8314008533 -36.8145958645
 225.7513818087 -35.4791792083
 226.5746248574 -35.4062961335
 221.6063566967 -37.5077499067
 222.7948062822 -36.3985903758
 223.8252221534 -36.2646386716
 223.2009698272 -36.3276624694
 223.6103933603 -36.2348891187
 220.4721162916 -36.3583328456
 220.7255194236 -36.2813329805
 221.3615693874 -35.7753501708
 221.5772436931 -35.1747904822
 220.2208211800 -35.2851805448
 220.2174330863 -35.2825871401
 220.8472965233 -35.1447816327
 222.2857768638 -35.3546992573
 221.2368858054 -34.3816864885
 221.1612283073 -34.3410694258
 222.1445057205 -33.5803615581
 225.6807516657 -34.4979654064
 225.6082995330 -34.0871479901
 219.9551632574 -33.1182092163
 225.6918350141 -43.3029245643
 221.0175960808 -36.5189805922
 218.3208044078 -51.9364059492
 218.3803848490 -48.4213029015
 220.4137065738 -47.0042100934
 220.3956544260 -47.0081137024
 221.4571985067 -46.5538991232
 220.4072177993 -46.5538270907
 221.6919006714 -46.1933610034
 226.4733484888 -43.3131110943
 217.0397788189 -49.2627118329
 217.3803091313 -48.6694175557
 213.0992591323 -48.0766069437
 215.4322810349 -46.8690833175
 214.9317037482 -46.9368330776
 214.5488371639 -46.7310975480
 214.5409509701 -46.2636185459
 219.8726447331 -46.4390502502
 218.2284886346 -46.3665354286
 220.5549574489 -45.7658206263
 221.4840346377 -44.8764111043
 216.4807088300 -45.2752985901
 217.5561909040 -43.8361999518
 218.0394607638 -43.4965754919
 219.4098415851 -43.0143763179
 219.2510994625 -42.4110657276
 222.7975703536 -41.5710850711
 222.7978071394 -41.5699735326
 216.8976466164 -43.4243995732
 215.6689693443 -43.9307342322
 216.8098480609 -42.2084723920
 217.9087445901 -42.9118380189
 219.0602945208 -41.9131730829
 219.0481980090 -41.4699136366
 218.3335854758 -42.0389440901
 214.8669460971 -41.5231513156
 216.7158758424 -41.5776031124
 219.2239223791 -41.4287159823
 219.9932810003 -40.4692242028
 219.9344490711 -40.3684489309
 218.5980620061 -40.7783159113
 220.4170224399 -39.2690007112
 221.3575476673 -38.9115261581
 217.9182965351 -39.7853255594
 224.7170846250 -40.8603168303
 225.2987904746 -40.2293231298
 224.9683868204 -40.1999598769
 225.4968976020 -38.5485699177
 226.4262654153 -37.3907735505
 223.4139881626 -37.8140313793
 225.1384408158 -36.5103416992
 223.2367461023 -36.4414210412
 219.9394360765 -36.0124284196
 222.2680525035 -35.3749941419
 224.9941727936 -35.3690241500
 224.7221391948 -49.9247135433
 224.4051487352 -48.4102419072
 223.5244974784 -46.6435546432
 224.6443911336 -46.0720056787
 227.1426526003 -45.7610562605
 222.8384468284 -45.2504612337
 224.5027248034 -44.0197955751
 225.3930416944 -43.7306739156
 224.5547775350 -42.6854067710
 218.6073388581 -44.6210078201
 218.9454365326 -44.2494824803
 219.8703165295 -44.1056655576
 219.5357096646 -43.3669737390
 219.7332581715 -43.1661348156
 221.9740322100 -44.7601844436
 224.0617797309 -42.6724041317
 224.1080740322 -42.5322168832
 220.8481952973 -40.0956447398
 217.2204342523 -38.0618619756
 226.3576440372 -38.9510004409
 225.9773494520 -39.1353531609
 225.7442817877 -39.0861001834
 225.7641297152 -38.1918410413
 223.7961991522 -37.5100711737
 225.3823229951 -35.5451941288
 223.5163617957 -36.1029537074
 224.3124915988 -35.7308564105
 227.0783346143 -39.5264910757
 231.7416452676 -35.6586263469
 224.2838535960 -30.8800309741
 228.1301201011 -33.0214933833
 226.8120956337 -29.5046112281
 226.2325027140 -26.2248931552
 227.7974767870 -37.6678189563
 231.1570506471 -33.4833990722
 226.1708030147 -43.9357271802
 226.4629704647 -43.6167386738
 223.3522906821 -43.9451834315
 224.8441082921 -43.9796650346
 225.0726056248 -42.1156422482
 227.1780639765 -43.2089778613
 227.7181729886 -42.7344485544
 227.8515423931 -42.4752915088
 226.6457973155 -42.2664844272
 227.2339955768 -41.2312572262
 228.2738733664 -39.3547627859
 227.6229992696 -39.0491621395
 230.8564439868 -40.9297687741
 221.1176611506 -43.1700162482
 224.2114728875 -42.5828746319
 224.6412807700 -41.7776860344
 224.2485146184 -41.2523087761
 223.7150194242 -40.5025729393
 220.8949044091 -41.0865657774
 221.1638322829 -40.0061552996
 221.1638028139 -40.0063747222
 221.1288830739 -39.9891699449
 218.9870589615 -41.6922080138
 218.7469134868 -41.1169817704
 215.0539848370 -37.4141179772
 217.8380550828 -35.1307473623
 224.1070923689 -39.7715221686
 227.0148627705 -39.5273124164
 225.9142554589 -38.8336606777
 225.6604122403 -38.4673706689
 223.3628515962 -39.0575377671
 223.6238732518 -38.7034657458
 224.7410703893 -37.5235790451
 225.5550892170 -36.4188822836
 225.0710934869 -36.3916410619
 224.6251146063 -36.3319645299
 225.0091819487 -36.3903514548
 228.3498354113 -37.8542619261
 226.8143055674 -36.8107318134
 227.7739262128 -36.4324089349
 226.0659357699 -36.4556586312
 225.4789241342 -35.7131187498
 225.1321438089 -35.7920435627
 222.7660469255 -37.6086546134
 222.8371801587 -36.6680208674
 221.2498752973 -36.8699878389
 221.9309837917 -36.5885562460
 224.0026674317 -36.5791964637
 224.3316668191 -36.2077302403
 224.4842792854 -36.1129091831
 224.6847456212 -35.9743534859
 224.2268209217 -35.6955718011
 224.9117378557 -35.4923872511
 224.5147943411 -34.4013424689
 225.5997933721 -33.2730218883
 223.1529626516 -32.7689702690
 219.8678060596 -33.6695028225
 221.7271135051 -31.8436125066
 221.3182353143 -31.8214951452
 221.3337129660 -31.8153913486
 228.8455920006 -54.6859293272
 228.2901682406 -53.5304481891
 225.4949294833 -47.9296744594
 226.2975283700 -47.5760477805
 228.9831237632 -47.1583491010
 223.1850508190 -47.0081279399
 221.9987313870 -47.5209095995
 222.9078936500 -46.7866500151
 225.1850462929 -46.8813291473
 226.0635248055 -46.1807154797
 225.1308911101 -46.3587378883
 224.9775096741 -46.2480311471
 224.7261660307 -46.2155716997
 225.3601423110 -46.0157198478
 225.6518268449 -45.8204173432
 225.7054507046 -45.7839654673
 225.4937751151 -45.8485879665
 226.2915094526 -45.9211312328
 226.1063231193 -45.5140503196
 226.4441362966 -45.3770912462
 227.7266292930 -45.1533222683
 227.3500543748 -44.7787565584
 227.2292264679 -44.2788502945
 226.1111735815 -45.0709836803
 226.4016724489 -44.1612054813
 223.5034580467 -45.7153655282
 224.1808690966 -44.5294079610
 224.1778352872 -44.5276452154
 222.5184956802 -44.8627319575
 231.5182195345 -45.0373453468
 231.4984108903 -45.0211570901
 229.1266917850 -45.3056675939
 229.0021697591 -45.0816262676
 228.2822825288 -44.7107138371
 228.7887527798 -44.6434994205
 229.5564224479 -44.9234951457
 229.5446879886 -44.5822400199
 229.1525110645 -44.1224517136
 228.9696055685 -44.3049094117
 227.9470090642 -44.8602870111
 227.9745297513 -44.7186563773
 228.3069406891 -44.5704810624
 228.1939938638 -44.5988553489
 227.3681855330 -44.0177740455
 229.3648942949 -43.3839225980
 214.8429112133 -46.7843157404
 215.6636602323 -44.9029348896
 218.5986198122 -46.8240999503
 217.7573926900 -46.4206346870
 218.6392174857 -46.3048851736
 218.6524622428 -45.7667596485
 218.5527138117 -45.5272855868
 220.0801558265 -45.7939387701
 218.5735802715 -45.3014227767
 218.6371707462 -44.6346088375
 218.8416811716 -44.2165530418
 219.5454257503 -43.5811661060
 219.7704427987 -51.9513765386
 220.5648638670 -50.4276060076
 219.4541554731 -49.4742337806
 221.1161032292 -50.6133622430
 220.4299890230 -47.9366494152
 220.8818370274 -46.7592788492
 233.3349177989 -39.0355835960
 229.2597264071 -43.4427090503
 227.8683959953 -42.7011057796
 224.5348595824 -46.4120922113
 225.6514852077 -45.8206310861
 226.4175017968 -45.1499446451
 227.3136501663 -45.0610006663
 227.1769876915 -44.4846454634
 227.1571014399 -44.3881657831
 225.8146106360 -44.8334235594
 225.9136505389 -44.6399678966
 226.3649096322 -43.9960797375
 226.4553060318 -43.7363361296
 223.3392224930 -46.3205989478
 226.0229572274 -43.7765085572
 224.4348453874 -43.3581390803
 232.1835599581 -43.8346908292
 228.2104910690 -45.1357849327
 229.6993266309 -44.0530477011
 229.0156550230 -44.0685614261
 229.2030187689 -43.7053862073
 230.6740349081 -44.6661899153
 230.7123743414 -43.8098739619
 232.3225173383 -42.2372334414
 227.8917594131 -44.8806255645
 228.1096062666 -44.4153541517
 228.2561013627 -44.3924882649
 228.3974397404 -44.2990778726
 227.5830546233 -44.2672789255
 227.6914715974 -44.2385725200
 228.4162344419 -43.6724534536
 229.0248546667 -43.3693840592
 229.2147998115 -43.2900859102
 228.5246968469 -43.5212329828
 228.5192740923 -43.0490136733
 228.4175906459 -42.9203499572
 229.0937769682 -43.1242343388
 229.6246221941 -42.4678572314
 229.4636171321 -42.3373776284
 230.0200570648 -42.5200107228
 229.2140282989 -40.7119244553
 226.6622648849 -40.1019180745
 230.8282476462 -41.2704236328
 229.8944370430 -40.6998159465
 229.7659040360 -40.7709024922
 229.8351916777 -40.6400124145
 234.7002223187 -42.9877455873
 235.5529180965 -41.1653859675
 232.1227167484 -43.1370987474
 232.6121245234 -41.4986008664
 234.1674529052 -39.6920523221
 229.7199600705 -40.8480958182
 229.6294099280 -40.8757831389
 228.3095266614 -39.3894537979
 230.7795937352 -40.7692026781
 230.5648508297 -39.2422573301
 229.1269154522 -39.8894354553
 230.4140831943 -38.5965995573
 230.1527050413 -38.5588877744
 228.0247309586 -38.4841340466
 231.5156213921 -37.2429428473
 236.9928548520 -40.7842913976
 237.4150382316 -38.7775793446
 234.6358796453 -39.1608050754
 236.6637449082 -38.0433283307
 238.1794368749 -36.5229275680
 236.7755928606 -35.5181496360
 236.7684568865 -35.5104544195
 237.5030360955 -35.4889217509
 237.5941443189 -35.2754965601
 237.5961834704 -35.2684774993
 239.0752003460 -33.6201795096
 235.2938064487 -34.9129673328
 232.1130957747 -35.7127561399
 234.2693297301 -34.1545491654
 236.2402732986 -34.1983732059
 235.1910844885 -31.3528682848
 228.2543565876 -37.2467816204
 228.6209906186 -36.8958081339
 228.2818057173 -36.0915305865
 229.2259520118 -34.5355008212
 230.2948916951 -33.4206636386
 231.4120125342 -32.8765248650
 229.3502678999 -33.2017138430
 233.5662791073 -31.4874086198
 229.0005622307 -30.1670820938
 223.9074941057 -49.5743340106
 224.0281489435 -49.5259569529
 227.9314542193 -49.0603054678
 229.9108318983 -48.3862546128
 227.2126451678 -46.6156112477
 224.1087689144 -47.3356601041
 226.7859962684 -44.9321409383
 226.1508687151 -44.0527799744
 226.6623177826 -43.9579877206
 224.0501041026 -45.1174511059
 223.1045064324 -44.4539213633
 225.7545721049 -43.2944674775
 236.3145509624 -43.0269159429
 236.3852760476 -42.5559744325
 238.1113642566 -42.5305424859
 237.2730926893 -42.5590735264
 237.9155856382 -41.1335639937
 228.9081885667 -44.6643285436
 228.8452882680 -44.0618434563
 230.3835042764 -44.2357254296
 231.1205492870 -43.6491407192
 229.7513748347 -43.0056222850
 230.9208727302 -42.8707132951
 233.8465205737 -42.5323725106
 235.4336977667 -42.8763804971
 234.4413229194 -42.6158065764
 235.5818566914 -41.0831221554
 234.3291051957 -41.6648855733
 232.6861655621 -41.0042318741
 233.5713709561 -40.4176783614
 234.4468729704 -40.3612060097
 233.8041182196 -39.8313714904
 232.3461668345 -40.1639570144
 232.9080322259 -39.6700124771
 228.2881325827 -42.9567333470
 228.4184581922 -42.9218058923
 228.5426714102 -42.6870658219
 227.7252703456 -43.5890744311
 227.0564654918 -42.8672349216
 227.7590602459 -42.9227891170
 228.2281268914 -42.7653649243
 228.2186592435 -42.7672405990
 227.5781186742 -42.8865102748
 227.5388882063 -42.2103480583
 229.7793319234 -42.4377557525
 229.9037562486 -42.0413665548
 228.6977140620 -42.3376077189
 228.8184066436 -41.4563556743
 229.6294615334 -40.8762627009
 228.7401079438 -41.2437797199
 226.5015466374 -43.3326745584
 225.2783062690 -41.5594265926
 225.3774044116 -41.5682804431
 228.4598377562 -40.4172980321
 231.0250300654 -39.9093963259
 231.8250104100 -39.4255453475
 231.2414924540 -39.1707496344
 231.6869644482 -38.8334610528
 231.3853394873 -37.7097549854
 231.6285460725 -36.8988885059
 235.8593322528 -41.2278124665
 236.8948896528 -39.7492363018
 236.3341302565 -39.7733850543
 236.3366191086 -39.7606295879
 234.8041065545 -39.6660724279
 234.8145392604 -39.6653149890
 234.7836193721 -39.1226730949
 234.9713722531 -38.5630553055
 235.7289918217 -38.0690669797
 235.4377643891 -36.6893523264
 233.4855693619 -37.8215705643
 234.4431160341 -35.7594047337
 231.7373750015 -36.0454285264
 231.8031177790 -35.0625280716
 231.7998719995 -35.0631162870
 231.7983072175 -34.5129309410
 222.6877720364 -43.0861792802
 222.4219466873 -43.0051486599
 223.5845255370 -42.5770809845
 224.4371705185 -41.6943793587
 224.6416935057 -41.7805113643
 229.2902679870 -36.3102002222
 227.9201856689 -34.1308130423
 231.7472931890 -34.4197887059
 231.7544317645 -32.1728933599
 231.1823872190 -29.9473794747
 219.6383844704 -42.3875960533
 221.2690133960 -42.1455465711
 224.4529869227 -37.6688568499
 237.6209964971 -28.4113613581
 225.8004494465 -44.3572943691
 230.4596784056 -42.3812477060
 232.7628461925 -41.7356697889
 231.1060391649 -41.8736461200
 227.2141118691 -43.0563488340
 226.1377433635 -41.7442320818
 225.2580799830 -41.5486954230
 227.6576507916 -40.2786215225
 227.7853283674 -38.9787742812
 230.4760218299 -41.2615974221
 230.4914107148 -39.3899392429
 230.5653020471 -39.2424791604
 230.2143610218 -38.9981665527
 230.0550335422 -38.3663173456
 229.5493002338 -37.8025257466
 230.6142242504 -38.1735769757
 230.3376347234 -38.1341147159
 230.4469882963 -37.5246803812
 231.6476648067 -37.1755434395
 231.1587783197 -36.8903096209
 230.9913339527 -36.3330460871
 235.7549650170 -38.1149378389
 232.8885197076 -36.4309363219
 234.8518421404 -35.9808974317
 234.4707498379 -35.8747395511
 233.7310843162 -35.9233407433
 232.4350351712 -36.6831150299
 231.7251411432 -36.1014771526
 232.6523774894 -35.4475675418
 232.8932829080 -35.3119123335
 231.9609476767 -35.7342203922
 231.1851326467 -35.4720609302
 232.1263928879 -35.3436778632
 231.9012920858 -34.4386880716
 233.4502123115 -35.5518187045
 232.8030636887 -33.5032773868
 236.4938481857 -34.2282133268
 235.1591763058 -33.9139762234
 235.8008674371 -30.8142464260
 238.9201879166 -32.2896577386
 226.8276844826 -39.2330881813
 227.5586109352 -38.8687956100
 223.7310010263 -38.3979536084
 223.5959079525 -37.3046096782
 227.2240388749 -37.2631438496
 229.6865134178 -35.7669423408
 227.0696729193 -35.6543894696
 230.2639616823 -34.3919452857
 232.0342831989 -34.0335566095
 231.4676220118 -33.6254011525
 233.0269381259 -32.5069969967
 232.6541350039 -32.8288959799
 232.5560983733 -32.5607952899
 231.9995757280 -32.1347666823
 232.1350078584 -31.9254965570
 229.4140037820 -33.6654191207
 229.5492429279 -33.4855154765
 229.7507131897 -33.0578418307
 230.8974384546 -32.3336756555
 230.1473020825 -31.5363349130
 233.2181346950 -32.3772512264
 233.6493052426 -32.2812196105
 233.3329704426 -31.4139052048
 233.1117440790 -30.7355322942
 234.5588254406 -30.9027676746
 234.6785303439 -30.8013290741
 234.3024336519 -40.7675116166
 233.8701715565 -40.6591978453
 233.5833072420 -39.3567536614
 233.2726075123 -39.0344490307
 231.1393226387 -36.4956355180
 235.0111299255 -40.0815834690
 235.6491842777 -39.0841292694
 235.2615763499 -38.9011168055
 234.3401193378 -39.0375373155
 234.7596980203 -38.7104551825
 234.4505253404 -38.5021632627
 233.7944844170 -38.6917267811
 234.5492187605 -38.1045174951
 232.3656591137 -37.3553830007
 232.2067650042 -37.2774104943
 233.6160276795 -36.7981340196
 233.3797550003 -36.4101774955
 233.4777700106 -36.0509340778
 234.4510816361 -36.3144708088
 235.9484043988 -35.4751415218
 235.8685583698 -35.2910525543
 234.1111429742 -36.1823036426
 234.4720466223 -35.9202262819
 232.1576933060 -36.3228718943
 232.3738692021 -36.1286363281
 231.9262496966 -36.2370650309
 232.3654857311 -35.7394685962
 231.3402922362 -36.2600588245
 231.7153703188 -35.3643465856
 233.5035873838 -35.2501755206
 232.4281035118 -34.4144977802
 236.2229497629 -31.6372266684
 238.2482365522 -29.7791110487
 235.9860977291 -27.3985855674
 240.0732950301 -39.6590068190
 230.7758784312 -45.5475700671
 230.4200103416 -45.5152089243
 230.6774897055 -42.8508719665
 233.7864549842 -43.4487281075
 233.4521210617 -40.9241467722
 227.2279021040 -43.0539396626
 229.1542036471 -42.3775348441
 229.1546552875 -42.3702784184
 229.6914624218 -41.4928868860
 229.8165505144 -40.9355586352
 229.8162989643 -40.9366144926
 227.4794964407 -39.9314867635
 230.9373235289 -40.1571061340
 232.2357962659 -39.5412779883
 231.9137264464 -39.4942954534
 232.4479987186 -38.6999497502
 231.2947664502 -38.6129614680
 231.7855561478 -38.3491901342
 229.8331346284 -39.1121933511
 230.3249747572 -37.5524722192
 236.7491243289 -39.8956088717
 236.8966698483 -39.7463526571
 237.3448901939 -37.0628080402
 235.9558614052 -36.8108367623
 236.1122670809 -36.4286434578
 238.6324007188 -35.1214515677
 234.9518640503 -36.2301255851
 236.6876669092 -34.9966139467
 236.2411156635 -34.3943664783
 237.1920835035 -33.3099612299
 234.2909616899 -33.0247646197
 236.6942482996 -32.1669459051
 237.2612142272 -31.0483791538
 238.2458351058 -31.6427622855
 229.7724505549 -36.3623942996
 234.5630771452 -28.8651172083
 232.9945150836 -28.7586064795
 227.1769884727 -24.8986272865
 227.1650863585 -23.9462417275
 240.2195965417 -25.3952996506
 233.4866741447 -27.0900058692
 233.9003614444 -21.5388707155
 233.8325637121 -21.1204751204
 233.4264675983 -20.5487194125
 233.2658423147 -20.5260755797
 250.4931960654 -51.2029408627
 256.2756250741 -46.2384933809
 238.5636188537 -50.2395910683
 239.3686971387 -50.2698042480
 239.4154138544 -46.1749136968
 235.2385805660 -48.1711910318
 236.0003442669 -44.8002857292
 240.8322122670 -44.3706344306
 245.8311298593 -43.8604645819
 245.0321119897 -39.8101762959
 239.3379729611 -43.5619381834
 240.9058070877 -41.1295022252
 239.4518243381 -40.1520075946
 233.9947030016 -44.9433178045
 233.6846300234 -44.1707399107
 233.9119434429 -38.2111264479
 239.0141179919 -36.7322041072
 248.8180677243 -37.8366329049
 240.1051626885 -48.8218113488
 238.5592364884 -44.8076753025
 243.0684844073 -45.2326178774
 241.7801917610 -45.3942346175
 242.9482278112 -45.0775819822
 242.3731117597 -44.8939579087
 242.3649145450 -44.8925016310
 241.3671886676 -44.9632072750
 242.5081763768 -44.2255692015
 240.4621300739 -44.1884440765
 240.3794545687 -42.6735838410
 238.3051368196 -42.6009777017
 242.5382207118 -40.1103662662
 241.6326422898 -24.9081402079
 243.3675017618 -27.4039502839
 243.7539431037 -27.5655100331
 242.1808087609 -26.0381104381
 240.8453769257 -25.7549335127
 241.7791419822 -25.2536765087
 241.6474168128 -25.2810038522
 241.9525341643 -25.0540611964
 244.3607356709 -25.2546282257
 245.5760805175 -23.8770894968
 242.8868784290 -25.2891391180
 244.2262056655 -24.9998396091
 242.8226280245 -24.6890996940
 242.2690330721 -24.3014892866
 242.4282143392 -24.1330652786
 242.6244803585 -24.0639388622
 242.7340736198 -23.8248198848
 242.9066885324 -23.7708755123
 244.5652858677 -23.7857900971
 244.7469513957 -23.6620132455
 244.5412622670 -23.4820389523
 245.7414023320 -23.1308508489
 244.8190577713 -23.3271711986
 243.8343123079 -23.5664733209
 243.8336908989 -23.5652527912
 243.7093900320 -23.5444678744
 243.7137938016 -23.1477713053
 244.9252568223 -22.9845209442
 246.2937298660 -23.3208504023
 240.9751311582 -25.1610880721
 240.3969853869 -24.7269725629
 240.7392391262 -24.7116785232
 241.2574212192 -24.1925612009
 240.2199174072 -24.6766283847
 239.7701153239 -24.3798230504
 239.7608999727 -24.0657387377
 240.3444651738 -24.1335627653
 240.8426709756 -24.2198774424
 240.7133867941 -24.0327358923
 240.8825003265 -23.8163146110
 239.9535993408 -24.0481506651
 240.4564221835 -23.8524007917
 240.2071169341 -23.6454321001
 240.4783390721 -23.6025928923
 240.5215166688 -23.5187144353
 239.8243027749 -23.7183911071
 240.0293074478 -23.6803151934
 239.5266060624 -23.6783699651
 239.6189044325 -23.5720787484
 239.8811428847 -23.5327288602
 239.9652128863 -23.1857184524
 239.9631485061 -23.1846983052
 239.7529690819 -23.3075063777
 239.8579246722 -23.0857327101
 239.9570188713 -23.0327899303
 240.1095811088 -22.9949035520
 239.4453265879 -22.6734771117
 239.4441783366 -22.4890702837
 238.9352986427 -22.1119453701
 238.3413029885 -21.9714013247
 241.8593394130 -24.5356413305
 241.7260869964 -24.2697721997
 242.2038924574 -24.0013750744
 242.3852095989 -24.0999476318
 242.4949066839 -23.9077332454
 241.8746386726 -23.9507899237
 242.0959549182 -23.5916220498
 241.6593110634 -23.7178219450
 241.7855546983 -23.6700426519
 241.7866653199 -23.6667266905
 241.7626849672 -23.5295913235
 242.4937948801 -23.7553062336
 242.5118691936 -23.7447934922
 242.7587710018 -23.5974856170
 242.7699366729 -23.5547184863
 242.4942363102 -23.5823091239
 242.2822655495 -23.6652078148
 242.5809005604 -23.5192505078
 242.9848548936 -23.0685239278
 242.0961458784 -23.4490583337
 242.2583316985 -23.3779446606
 242.5976228329 -23.2050297566
 242.4430240721 -22.9261176550
 241.3325518035 -23.7088916245
 241.3297321672 -23.6692271628
 240.9600064205 -23.5782006198
 241.7090372162 -23.1651052082
 241.4170330347 -23.2877247079
 241.6098238445 -23.1032716095
 240.9375717189 -23.3481204806
 240.5533216354 -23.3557318738
 240.8907777014 -23.0887142418
 240.9962963473 -23.1516543236
 241.9910363715 -23.1561759547
 241.8730519800 -23.1396073153
 242.2890921694 -22.7665058626
 242.4153126001 -22.5317426684
 242.0582827501 -22.7943719262
 242.2687595254 -22.4146313641
 241.6633696944 -22.8095850708
 242.0450193101 -22.4953466136
 242.1138630006 -22.2915799829
 241.9599237593 -22.3507120930
 243.5087675028 -23.0173747911
 243.5065689703 -22.9796121793
 242.8825081237 -22.6190658855
 242.9693624680 -22.5451423148
 243.2302864644 -22.4485103046
 243.2987997593 -22.1237970416
 243.9650724424 -22.1125652359
 242.8945661037 -22.3290587141
 242.4918303302 -22.4098097333
 242.7081339664 -22.2144400008
 242.4872993979 -22.2008581178
 242.6093377820 -22.1530548238
 242.8210099115 -22.2191707746
 242.6774216079 -22.1060427371
 242.3737224201 -22.0162132280
 243.1422263193 -21.7473906131
 240.7439311145 -22.9472009515
 240.5981516276 -22.9926978655
 240.5315110901 -22.9631342423
 240.3604908916 -23.0263262764
 240.4202336051 -22.9697616002
 240.5351714948 -22.9165170517
 241.0421394423 -22.5794302144
 240.6670150919 -22.6538178279
 240.8448639276 -22.6392206753
 239.8716555942 -22.6049543591
 240.0720251091 -22.6141295212
 240.0014692454 -22.5499611671
 240.0652582671 -22.5329140136
 240.5178632944 -22.5298002924
 240.6025026036 -22.0069874324
 241.0589790774 -21.4876850703
 239.8018059001 -22.6140646807
 239.9997489938 -22.3436525310
 241.7999702456 -21.3965861102
 242.5526377082 -21.0791348665
 242.4003271050 -20.9405439033
 242.2252965293 -20.5717987089
 241.2381499500 -21.0712857217
 240.8514771753 -20.5703812249
 241.8321451402 -20.3488770051
 245.2381744876 -19.7622118320
 243.2769741863 -20.3107552929
 242.8595680792 -20.1401845900
 243.8239311406 -19.7084532207
 243.5575353012 -19.6601597231
 243.5507081093 -19.6488084667
 243.5329889536 -19.6415109019
 242.6648110086 -19.2813303149
 242.6030461332 -19.2354522579
 242.5720133635 -19.1740421705
 242.6174289144 -19.1790757646
 242.8741145937 -18.8485060415
 240.5455925332 -20.1305342251
 240.8724757732 -19.9178019311
 240.1213392133 -19.8817083382
 241.2240875725 -20.0409974948
 241.3524582198 -19.9117301253
 241.2851923893 -19.7854013654
 241.2907641358 -19.7041808389
 241.0733926785 -19.7093562276
 241.1631675764 -19.7128669410
 241.3172764687 -19.6420702799
 241.7863542746 -19.4596109984
 241.5806297571 -19.3925102117
 241.0758461203 -19.1822643861
 241.1016721358 -19.0485076906
 239.6507903510 -19.7705169313
 239.5784710886 -19.2625523295
 239.5849254174 -19.0924387708
 240.5894411759 -19.0350019690
 240.8696390348 -18.8978131738
 240.9095525856 -18.9022363205
 240.9134200395 -18.8582619841
 240.7627850633 -18.8627663641
 239.7958800248 -18.8457203126
 241.6997111448 -18.6955908676
 242.3982662373 -18.4731782858
 241.2919300244 -18.4432123912
 241.3741932902 -18.1198242034
 241.5992094978 -18.1218910964
 241.5363614772 -18.0544244868
 241.5326563243 -18.0507889935
 241.4200302045 -17.9897061447
 240.7262774231 -18.0918043929
 241.6637289830 -17.4806164731
 241.2769177323 -17.5673249565
 241.2715560148 -17.5670900033
 243.2817240590 -17.0646610470
 246.6739615682 -15.9532964698
 246.6376933713 -13.8900909155
 240.4611896485 -19.0419287321
 241.0599542573 -51.0005228850
 237.1437601617 -47.0970942553
 235.9288443016 -42.3639895224
 236.4524404755 -42.0380406390
 242.4291225140 -45.2515889994
 240.8711305350 -44.9709041243
 241.8410997612 -42.7669508033
 239.4186083508 -43.5731647532
 240.5766901273 -43.9770288642
 240.1990918894 -43.0164204052
 237.7056768053 -42.9621640590
 233.6402267175 -44.8725915418
 232.1093509174 -44.1044510403
 230.6674868634 -44.7006342490
 231.9402856140 -43.5818053558
 230.8585278851 -42.4707192227
 233.9795715341 -44.9380679746
 233.9883734575 -43.0761091014
 232.1222396914 -43.1366559383
 232.3955720663 -43.0034658940
 232.1892045251 -42.7121174499
 232.5870045610 -41.9201466104
 232.1991119310 -40.1712635168
 228.7977994784 -40.2036937451
 230.4033309276 -41.2122679958
 230.5292154635 -40.6582505787
 231.4170200670 -40.7241491627
 229.7347815805 -40.7883181105
 229.7587163467 -39.0140520329
 234.6060699766 -39.0076940510
 237.1031328916 -42.6181919534
 236.3501056301 -42.2815941405
 236.1577213127 -42.1514817747
 243.3929295675 -45.8178347328
 243.2503836517 -45.8635870398
 242.5034416363 -45.6617815470
 243.4964330395 -43.8606905292
 243.5008734809 -43.8548954270
 242.9514204633 -40.6443943522
 244.3221164109 -40.5822438278
 239.8967664418 -44.0285182749
 240.0084201067 -43.2694432586
 240.1670788037 -43.0891852768
 239.2477215183 -42.6909630532
 237.8071003662 -42.3143898867
 236.4814332440 -41.6038974482
 237.9276416219 -41.0664982999
 239.3111113268 -41.5058051617
 239.8767698971 -40.7687559030
 242.4250835616 -40.8736975722
 241.4427283187 -39.8434478880
 242.0528543841 -39.7562972347
 241.6571126877 -39.1452500423
 241.6165120356 -39.0183338783
 243.4954344756 -38.7524184315
 242.5683431321 -39.1348575883
 242.7457318543 -39.2477464116
 242.3153295573 -38.8611108139
 243.3027728531 -38.0643814163
 243.3067084851 -38.0350293794
 241.4374052150 -39.1019416239
 241.7482806539 -38.7670940124
 241.0132690023 -38.5042821720
 240.9383423093 -38.4088088192
 241.1877023394 -38.0866982864
 240.2188079256 -38.4567459325
 239.9909340294 -38.3858090269
 240.9757253220 -37.9832925564
 240.8783544861 -37.6425565791
 241.8902102333 -37.9901883389
 241.3288881710 -37.8699017011
 242.4194512507 -37.3629176351
 242.5491534411 -37.2925460841
 242.1177765997 -37.3839648371
 242.1173092821 -37.2383754189
 242.4087132330 -36.9187697408
 241.2387284014 -37.2444423861
 240.8878985437 -37.2522427901
 240.7170697378 -37.2465882020
 242.3648858549 -36.4894421306
 242.0181535114 -36.2319562449
 235.6581093545 -41.8601115952
 235.6567539195 -41.8595589467
 235.1083995646 -41.9165949311
 236.2457484856 -41.4342972645
 236.5105142255 -41.0547034447
 236.2575196705 -40.8420745156
 236.3457797774 -40.5977308266
 236.9449229298 -40.3935922928
 236.9576164325 -40.3866972948
 236.9577909905 -40.3860102796
 236.6782792981 -39.5078290314
 236.3890360089 -39.1210836563
 237.6853851838 -39.9298345760
 238.0782762358 -39.5161237848
 234.6593506111 -39.2821821257
 239.3223323421 -37.6524569445
 239.1551981636 -37.5038328808
 239.8159031119 -36.9533956442
 239.1399905324 -36.6379213276
 241.2296528412 -36.0344384763
 240.8925002156 -35.6475318402
 241.3497192534 -35.3446107991
 239.3316444545 -34.5355584252
 244.7523697723 -38.5130020301
 244.4003400835 -36.9955770642
 244.9695470075 -35.6432394496
 243.1681922259 -37.0083665841
 241.7354839739 -33.8123257029
 240.1519705811 -31.9254962499
 242.9039952701 -27.3812385490
 242.7401598519 -27.2841502062
 242.7895582283 -27.1003580514
 244.6380692770 -25.5024988929
 245.1914435013 -23.8059162221
 244.5885334943 -23.6026532255
 244.8788672814 -23.4037605216
 245.1351868855 -22.9627379545
 243.9968777934 -23.4935379430
 244.2561345903 -23.4850390751
 244.3400484662 -23.4168887850
 244.5833918015 -23.1076252647
 244.6697169959 -22.1635023820
 246.4920774897 -23.1356437614
 246.5817733898 -21.6225441917
 239.4754611589 -24.8452936826
 242.5076321085 -23.8288331247
 240.9178680566 -23.5900271190
 241.9906135319 -23.1567136844
 242.0090215921 -22.9850507422
 241.6287860924 -22.9709627661
 241.6441666078 -22.9180047019
 241.7615109142 -22.8301486891
 241.3698529563 -22.5038771392
 242.0652260836 -22.3723466284
 242.0230550138 -22.3020610149
 243.1877232111 -23.0918550120
 243.5420134899 -22.2900846558
 244.3104025199 -22.2917537592
 243.5372781715 -22.1204935457
 243.4096899603 -21.9811709059
 244.0392445605 -21.8631314887
 242.4207526883 -22.2999699094
 242.7882875059 -21.8324118537
 242.1439308064 -22.1989460683
 242.4153869534 -22.0130542598
 242.2581915667 -21.8563748078
 242.2344821811 -21.8137122278
 242.3390145309 -21.6595488875
 242.5792636823 -21.4071031015
 242.7290923406 -21.4373210837
 242.9812789914 -21.1051071411
 240.7296657275 -22.7892051238
 240.9455662159 -22.7569686804
 240.3567345614 -22.6779629004
 240.5985524044 -22.3388249271
 240.5015884887 -22.3567288583
 241.6351872395 -22.1402571415
 241.7521024728 -22.1101591706
 241.7080608324 -21.9076278967
 241.4339621632 -21.9182890512
 241.4139689153 -21.8761729289
 240.7566684399 -22.1313481559
 240.8593504425 -21.9273054023
 240.8661022074 -21.8877343857
 240.7574705962 -21.8663500498
 241.3637038685 -21.7191045818
 240.9804628502 -21.7860481300
 241.1510915099 -21.6563740221
 241.1494433522 -21.6562760164
 240.0506569537 -21.9510128088
 239.8455390833 -21.8922170925
 240.4810033105 -21.9804954288
 240.6729446322 -21.6402833652
 240.4852568147 -21.6178572487
 240.5678001607 -21.5182256169
 240.4790349696 -21.5232039723
 240.4860041645 -21.4278172749
 240.8053610507 -21.2159286955
 240.8237492785 -21.1435073430
 240.0132698008 -21.5286803643
 240.4231645766 -21.1940357987
 240.5178838932 -20.8452634434
 242.1195160849 -21.6223144226
 241.7756166070 -21.6945599762
 241.7762323536 -21.6950651606
 242.0865593069 -21.5232962711
 242.0175355779 -21.4888685587
 241.9603258858 -21.4223531259
 241.6191460051 -21.3583774576
 241.4756332291 -21.1372530681
 241.8101622088 -20.8645160831
 242.6750493589 -21.0256786623
 242.3762328083 -21.0831435316
 242.5495795888 -21.0320369170
 242.0649895757 -20.8007197760
 242.0639095820 -20.6365370469
 241.1114431534 -21.0674939067
 241.2310223669 -20.9001094743
 241.7654919480 -20.7188364968
 241.3564699972 -20.5945320502
 241.5522040986 -20.6132390060
 241.6319905817 -20.6065737261
 241.2081579501 -20.6433057740
 241.2588672066 -20.5854251230
 241.3245980329 -20.4055574089
 240.9902416248 -20.5183250552
 242.0098817296 -20.3761661296
 241.6979141740 -20.3757139846
 241.6337228811 -20.3483964883
 241.7697418938 -20.2656019792
 242.1045741986 -20.2069317752
 241.5948834060 -20.1901969680
 241.6662213416 -20.0245912552
 241.3688574782 -20.1772471873
 241.5089562553 -20.0540548817
 241.4942941864 -19.8175905793
 243.1126198484 -20.2237210231
 244.3164721433 -19.7845792810
 243.0909275185 -19.5791536935
 242.1456599147 -19.4709660775
 242.7870637675 -19.0798103001
 239.8505930723 -21.2755608618
 239.6265655945 -20.8934314092
 239.9343714717 -20.4899250217
 239.1986580265 -19.8355508913
 240.4206950240 -20.3690174371
 240.9305580487 -20.2588507072
 240.9244207516 -20.0994603096
 240.1227034375 -20.3816879472
 240.5936179466 -19.9484152479
 241.4402129552 -19.8099383145
 241.3813721224 -19.7621952234
 241.3069584992 -19.7961221666
 241.3635708680 -19.6464018381
 240.9602473706 -19.6894332013
 241.2596391032 -19.6988439609
 241.4889694864 -19.6287813544
 241.7819449659 -19.4546081748
 241.3803427567 -19.4401044281
 241.1164546724 -19.0761624005
 239.9604010297 -19.7438066395
 240.2078414380 -19.4668741432
 240.1439110646 -19.1378344850
 240.4584518842 -18.9426122168
 240.9627547833 -18.8726601015
 240.9073378227 -18.7524292311
 239.9558719522 -18.8910917085
 240.3763324902 -18.2466258295
 239.7276896408 -18.2234898762
 241.9155078490 -18.7336288534
 241.0405896545 -18.5602910729
 240.8945838473 -18.4919088230
 241.3399098581 -18.3616057594
 241.5293863193 -18.2992878914
 241.4752640708 -18.3124196269
 241.5979593731 -18.2385945864
 240.9476589548 -18.1491090501
 241.3262132348 -17.9392973509
 241.2031792221 -17.8111121953
 241.1741498106 -17.6887777255
 241.9639723372 -17.3065528507
 241.8463321406 -17.2117486635
 241.8083876623 -17.0452550110
 242.8575821773 -17.7623908030
 240.6145392311 -18.0320008973
 240.5428904321 -17.8570226571
 241.7694249927 -16.9433558131
 244.7464785057 -23.6613757644
 245.3720628725 -23.2178314952
 245.3159606356 -22.6680393781
 245.5221793843 -22.2870705707
 242.3795317925 -20.6962019298
 242.8054120938 -20.3175913305
 241.9131275437 -19.5845791060
 244.3793127906 -20.8464563311
 243.6401055496 -20.0750820874
 242.9549853656 -19.7954226151
 243.8320473535 -19.3521294202
 243.3669845047 -19.4146810500
 242.4128862379 -19.9173953616
 242.7183447139 -19.6263202856
 242.9843949937 -19.7231355142
 242.8724845952 -19.7069738599
 243.0434551649 -19.5410787296
 242.9388901045 -19.4704208183
 242.8351449224 -19.3270608265
 242.3369980118 -19.4573149645
 242.6829758460 -19.3739501272
 242.5613620775 -19.3193864028
 242.6330901014 -19.2184608556
 243.0871538778 -19.1512382712
 243.0517092140 -19.1220785220
 243.7856462592 -18.8503859259
 245.2619943910 -18.8395824040
 244.1280802862 -18.7644796144
 244.6565748610 -18.5185910272
 241.2351396920 -19.6793354808
 241.0356104217 -19.1253158499
 241.5182537247 -18.6674973613
 243.2038553063 -18.0146761491
 245.3250918305 -46.5155439456
 246.7050638793 -46.0155420834
 246.0755867871 -45.5552445840
 235.0100602646 -46.5719949345
 238.1189946124 -47.6126708863
 235.8314767710 -45.5044952845
 236.2134828072 -44.4506698762
 242.3246653938 -46.7390258746
 245.3557291348 -45.6098445158
 240.7435742217 -44.9223330389
 240.9952335044 -43.3860558893
 243.0519113506 -42.4015035612
 244.0330458309 -39.4486461630
 239.3639971342 -43.8394314877
 240.1679944650 -43.9372863197
 239.9101942209 -43.3287785681
 238.5459950597 -41.5231579852
 238.1554409240 -41.0163936607
 242.3834100516 -40.9783352484
 241.4419996774 -39.8434471259
 241.8082606733 -38.8772350534
 243.7405881962 -39.6279510005
 243.6582494428 -39.1249052336
 244.1181072286 -38.7368998189
 242.0759046200 -38.7372298457
 241.3886180609 -38.6293613601
 242.7994678985 -37.4865150546
 242.8141238687 -37.4625214368
 241.3716531986 -37.3740650368
 229.8777886002 -43.0330232832
 230.8788093896 -42.9293951997
 236.0943674405 -41.8192145728
 233.6295675454 -41.9714577197
 233.9760311510 -39.8419949326
 231.3632178520 -39.5277296262
 238.3672264473 -38.8247338920
 238.0812315139 -38.3255140668
 236.9630543315 -38.2601479181
 237.2575777742 -37.8199671038
 234.3123289679 -39.0553673302
 234.5252597507 -38.5264627310
 236.1962254434 -38.1947412003
 236.1913372321 -38.0000413539
 235.9625804730 -37.7045134480
 236.8518808919 -36.7269546077
 236.9973390874 -36.6262010181
 239.4326328465 -37.9001001407
 239.9885158310 -37.2000582954
 239.6620411544 -37.1159064403
 236.6324604829 -35.6399907417
 236.8487854708 -35.1751206553
 237.2254160910 -35.2219920971
 234.1125063761 -36.2630720585
 235.1205657514 -34.9535855839
 234.3679910600 -34.8769986871
 245.1467181262 -38.5109579589
 246.1608003309 -33.2821280735
 246.8828644276 -32.3491430691
 243.7620753052 -31.5111681382
 243.6671474952 -30.5032791798
 243.0277674600 -30.1743081861
 243.0717251160 -28.6524057227
 243.2761204409 -26.1030868942
 241.8765076627 -25.7742661771
 241.8725717002 -25.7711553601
 241.9415858667 -25.1177268658
 241.7410342087 -25.1397103242
 241.7581968736 -25.0183672896
 241.7293069499 -24.9805813664
 245.3633333396 -26.2630964734
 245.0102951759 -25.9268982871
 244.8006571301 -25.8440298591
 245.3109997049 -25.7434135732
 245.5693969485 -25.4681539636
 243.8645351725 -26.4579258878
 243.9017063845 -26.3694925288
 244.0715844433 -26.1529435413
 244.3467844082 -26.0903953681
 244.2108778071 -25.8630776745
 244.1790544845 -25.6319946100
 244.2029598988 -25.4946825799
 243.9748684222 -25.3304101246
 244.9202504440 -25.5411389645
 244.7855837018 -25.4393961159
 244.8807425745 -25.3036630503
 245.0798148832 -25.0070703308
 244.1393107575 -25.3641726339
 244.1722662516 -25.3110660087
 244.7656721010 -25.1737718154
 244.4486204329 -24.9237423342
 246.1851137745 -25.6902374354
 245.6939133097 -25.3692544818
 245.4521905414 -25.2908229818
 245.3674062891 -25.1319033905
 244.7919799065 -24.5359153517
 245.5711941741 -24.0935844385
 243.6632194869 -25.1490911733
 242.6317071491 -25.2672668450
 243.2578285434 -25.0282275005
 244.0214517673 -25.1323810602
 244.0152449106 -25.0743566688
 244.1291640299 -25.0763961164
 243.8633617908 -24.8243276143
 244.3939762070 -24.3879368525
 243.4370531235 -24.5708069454
 243.7309922445 -24.4724260349
 243.9719498665 -24.4106379238
 242.5785865652 -25.0424938986
 242.8269064992 -25.0320237971
 242.4564254639 -24.7464394163
 243.0622900717 -24.6749106481
 242.2517334340 -24.7073011545
 242.5221352067 -24.1370537898
 243.3127340849 -24.0784246786
 243.6051838883 -23.8376293215
 243.1152982870 -24.1136003028
 243.4036413971 -23.4583895645
 244.7402734458 -24.5128039319
 244.7135840119 -24.4988044889
 244.6507724794 -24.4260095139
 244.4950439670 -24.3788096823
 244.5314651270 -24.2366408941
 244.5486606550 -23.7907599204
 240.6016070604 -25.4868214286
 241.0613718618 -24.4122037285
 240.9854693521 -23.9570485666
 239.4747797982 -23.2950274419
 239.6537507043 -22.9543213823
 241.9661432279 -24.4624459197
 241.4492868094 -24.1423801364
 241.8414569050 -23.9793210719
 242.3203275481 -23.6924291247
 246.7875948120 -47.5694817632
 246.7959273668 -47.5548837731
 247.0394475063 -46.5233133523
 246.5003716132 -45.9536964405
 246.8573436416 -45.7139525777
 248.1437585838 -46.0644069317
 246.7330535754 -44.6078872408
 247.3792232827 -44.0205630100
 248.9046804486 -44.7961084307
 248.8299966283 -44.7808500329
 248.3143047577 -43.8260139998
 248.8602685903 -43.6664060824
 248.9470938374 -43.6355104139
 249.3855297128 -43.4621686278
 249.6094832698 -43.3985155578
 247.4872661595 -42.8725263480
 247.9842189586 -42.4080529992
 247.9907662745 -42.1856574172
 251.2443139441 -42.4684598788
 251.1773986042 -40.8397713628
 251.3755970263 -40.8739839086
 251.5562838337 -40.7127370731
 249.8940482740 -42.8454273865
 248.8278258821 -42.2399553267
 248.2818585733 -41.6169289430
 248.2261926494 -41.4652617082
 249.0802233960 -41.4500768645
 249.3242077009 -41.2916602294
 249.4229398310 -41.0480021878
 249.0038053667 -40.9537756878
 249.2020707921 -40.9145405464
 248.5967247933 -41.3351900159
 248.8601840934 -40.9473982380
 248.7893848231 -40.7201906942
 248.9216044018 -40.3465923929
 250.4375400100 -40.8791385635
 250.6133586588 -40.5880802226
 250.3879477831 -40.6678550258
 250.4666099718 -40.4663294467
 250.1605408804 -40.5104923284
 251.1273459329 -40.3576209564
 251.5445503185 -40.1246837483
 251.1753411347 -40.3552843542
 251.1088467488 -40.1343284484
 250.7730462976 -39.8849474029
 251.0160576515 -39.4797118648
 249.5766217129 -40.7017238204
 249.6619471746 -40.6155380999
 249.6582965351 -40.5939934471
 249.4808993745 -40.6963370379
 249.4465135488 -40.4425731309
 249.6487318870 -40.4909917808
 250.0116509766 -40.2262884074
 250.1548535880 -40.1686514720
 249.9284709881 -39.9828934316
 249.4754571595 -40.2553013149
 249.1194009089 -40.3031252333
 249.4416972504 -39.7624561741
 249.6814293842 -39.6795700854
 249.7444627446 -39.6243786163
 249.6463706402 -39.6750736458
 249.5366829377 -39.7080934861
 249.6427885409 -39.5567804984
 250.3436599237 -39.8992238225
 250.4754919212 -39.8608877592
 250.4902284439 -39.6593825796
 250.1649766839 -39.8026863376
 250.3557224269 -39.7414510690
 250.2787025550 -39.6474799537
 250.7478995137 -39.6837950530
 250.6900106248 -39.6634540121
 250.9109985626 -39.4161031899
 250.8270688477 -39.3968220902
 250.5850234423 -39.4030039442
 250.6979003787 -39.2298886866
 250.6339196826 -39.2717244160
 250.0460008543 -39.7394090243
 249.9693094497 -39.7064079592
 249.8831432304 -39.7064873231
 249.8887889560 -39.6092865824
 249.8622707182 -39.5876054077
 250.0445303153 -39.3671430851
 249.7483354430 -39.5734046442
 249.7228468695 -39.3802173016
 249.9904806331 -39.3929736174
 249.9718069374 -39.0780808401
 252.0202124349 -40.1187005778
 244.7833899838 -46.3939152145
 245.0619676160 -45.3985209312
 245.6139237041 -45.2319853056
 244.6902703432 -44.6779586001
 244.5246004388 -44.3811668971
 245.6336363309 -43.5065666720
 244.3446407513 -42.8380950502
 246.7740325078 -43.0913649669
 245.3233440355 -40.4311465070
 247.9933949147 -41.2391410117
 247.3482775558 -40.6286089737
 248.3241913340 -40.8521859063
 247.4042611406 -40.1612382235
 246.4716933960 -39.9454307868
 247.5018158306 -40.0780580269
 248.6915488624 -39.8373496969
 248.9645291506 -39.6063611824
 249.3190217863 -39.7421199090
 249.3758428770 -39.6710809801
 249.2636640094 -39.5114301494
 249.4939030632 -39.5562510290
 249.4967659447 -39.3899674851
 249.1668627115 -39.3667454253
 249.2343238657 -39.3731795278
 249.1073877606 -39.2383999234
 249.2410612849 -39.2208331177
 249.2026317236 -39.1274362792
 248.7861092613 -39.5451344436
 248.5831323940 -39.4257820418
 248.9447632551 -39.3566728849
 249.0700515135 -39.1022430615
 249.1114864463 -39.0552858399
 248.7853305624 -39.1324222062
 248.7223039802 -39.0963631703
 248.9967042620 -38.8973989651
 249.6957193632 -39.2865883326
 249.5165706571 -39.0729934457
 249.2965753709 -38.9578452396
 248.3140872214 -39.1180646631
 248.4119708250 -38.9315654088
 248.2912692166 -38.8072395026
 247.5995509992 -38.7442928108
 246.3064145870 -39.9389419648
 246.1035105485 -39.8052454707
 246.2648765701 -39.4173638895
 247.2957362515 -38.6438314074
 246.6156049641 -25.4569587956
 247.5974881715 -24.9045879421
 248.5464511702 -25.1271906212
 247.9767629476 -25.0638127841
 248.4817050451 -24.7014946590
 248.0913570287 -24.7042293109
 247.8125483529 -24.5455802520
 246.6167981944 -25.4466984770
 246.4320157770 -25.4112395634
 245.8847160714 -25.3969499585
 246.6850650347 -24.7872569938
 246.7687835998 -24.7166865077
 247.2252904907 -24.7957476250
 246.9997916261 -24.8054788895
 246.9142595955 -24.6544258814
 247.0835219183 -24.3884141839
 247.0896410869 -24.3654041528
 246.4896271467 -24.5089422629
 246.6785013454 -24.3417801381
 246.0660986881 -24.4599142784
 246.3512102274 -24.2612696589
 246.2387348677 -24.1901806195
 245.8776325645 -24.2224111950
 245.8949292181 -23.6750965115
 245.6430969616 -23.3895644862
 247.6412579311 -24.4685072715
 247.7714817821 -24.0779809043
 247.0107048115 -23.9177864229
 246.6570368689 -23.6271253719
 246.7507456584 -23.4311786068
 246.4194367236 -23.4698660374
 246.4286930371 -23.4240276384
 246.6220821613 -22.9424164936
 243.5841222038 -37.2130453354
 251.4649466869 -37.8515826808
 253.0908257709 -36.6469952145
 243.6797059725 -38.6451162117
 248.5028466533 -37.4358573251
 250.2647537363 -37.0842167495
 251.1134730169 -34.9567276951
 251.2609214004 -34.8714958851
 248.1133294491 -35.8939398104
 249.0926542875 -34.5415372705
 250.3369094963 -34.8367504341
 251.2326684887 -34.1786880895
 249.0647599812 -34.2000475447
 249.5229863750 -34.0197328250
 249.4306548474 -33.9481907688
 246.9679991320 -35.7835651315
 244.6625396310 -35.4086166654
 248.1773408575 -33.4852897916
 249.1660342280 -33.5873347107
 248.2511071189 -33.5326073616
 248.9224202970 -33.1272446614
 249.9106861888 -32.7382671666
 249.3615844565 -32.9843292706
 248.4191251070 -32.7549899823
 248.8191797823 -32.0852141094
 248.5091323821 -31.9303742871
 245.9198763387 -33.1044160668
 246.6500474998 -33.2483304828
 246.3161203293 -32.7228975631
 245.6989017627 -32.5151481822
 246.2345805247 -31.5666936555
 247.5441122169 -32.3248140163
 247.5431043347 -32.3225834829
 247.4799973210 -32.0853487011
 247.3143062849 -31.6548518248
 247.6843668371 -31.2355226800
 247.1485509713 -31.6453806503
 246.2694372023 -31.4221196120
 251.5726768528 -33.6988788620
 251.1176508916 -33.4967753958
 251.3110869170 -33.3031289519
 252.7584076811 -32.7718724283
 251.8227885377 -32.7599475386
 251.1413070760 -32.9317763180
 252.0704467915 -31.8504222757
 250.4614179005 -31.5024590649
 250.0330331076 -30.7697020016
 250.1413929696 -30.7807604946
 251.6755966574 -31.2956178622
 250.7217254059 -29.7822629645
 252.1261099093 -29.4615755990
 249.4502592866 -30.2214096436
 248.7405909525 -30.0380973216
 246.2103884480 -27.4410171318
 250.6501062171 -44.6861473562
 247.7118931328 -42.5731555895
 253.0990606426 -44.4580849402
 250.1184297702 -42.4270969494
 250.5987739139 -41.8275963538
 250.6313463850 -41.7594060689
 250.6457625074 -41.6297306292
 251.2947340780 -41.4640129764
 251.6809517023 -40.2752859078
 249.6401259776 -42.1522408698
 250.0210237522 -41.9719420908
 249.3607483700 -41.6891440310
 249.3552108639 -41.6804132409
 249.6394091227 -41.6509323931
 248.4771961851 -41.9402591252
 248.2279914023 -41.7893080284
 247.9248127787 -42.0753973262
 248.0507800428 -41.9712472237
 248.8936645294 -41.7314792275
 249.1674818843 -41.3111582749
 249.1672994526 -41.3108508365
 249.2370426003 -41.1021720894
 249.2527373511 -41.0753629828
 249.0389190919 -41.0784569510
 249.2193147198 -40.9163829779
 248.6413359999 -40.8842934076
 248.9366275890 -40.5259836840
 250.5504247483 -41.3576699320
 250.1032220510 -41.2558507596
 250.7454462445 -41.2326757556
 250.7958507619 -40.9816371317
 250.8988301868 -40.9108419382
 250.7152107783 -40.7142339501
 250.2685829272 -40.6710980440
 250.4351930566 -40.5972309756
 250.4047175797 -40.3966662181
 251.0948088941 -40.8908538672
 251.5383529409 -40.1099453610
 250.8087931588 -40.2739050543
 250.8372748435 -40.2005525910
 250.4087775173 -40.3085216107
 250.5013816346 -40.0460100354
 251.0824397304 -39.9834714496
 251.0813725564 -39.9368612707
 251.1007668167 -39.8060249687
 250.0116236036 -40.2287250466
 250.0410898740 -39.9518198997
 249.6198681322 -39.9006342620
 249.7946974452 -39.7312206456
 249.7183376598 -39.6768940206
 249.7192344019 -39.5800376721
 250.4833319656 -39.8835235679
 250.0988412773 -39.8683218023
 250.1947678181 -39.7705178959
 250.1016732093 -39.7386550642
 250.2767732722 -39.7789463193
 250.7021831995 -39.7595777085
 250.7224896114 -39.5651275648
 250.8048014640 -39.5891349086
 250.9772256710 -39.4707255001
 250.9633054335 -39.4299517225
 250.8158256331 -39.3696312602
 250.5519682671 -39.4365346773
 250.5115741677 -39.4684726105
 250.6619610608 -39.3149739480
 250.7520863813 -39.2370702681
 250.7496054995 -39.2360447595
 250.0016592907 -39.5544990133
 249.9297705557 -39.5014953422
 249.8758785298 -39.5271894829
 249.8051805831 -39.2970972430
 251.8472043707 -40.2399731259
 251.6693562513 -40.0040512756
 251.2370597293 -39.2364569509
 251.3761352201 -39.1619391151
 251.5683085677 -39.1012906402
 251.1582630386 -39.2844380823
 251.1931670735 -39.2336653702
 250.7885963424 -38.9450521675
 250.6589849718 -38.8334846777
 250.4899096951 -38.8592325603
 250.6135160615 -38.4601644868
 246.5380383792 -41.2273389326
 247.6677310333 -41.0374556526
 247.1350092761 -41.2753074228
 246.9847586453 -40.9041878326
 248.1116023000 -40.8107881346
 248.7122752142 -40.2408893016
 248.6913237965 -40.0417206083
 247.9679129594 -40.0441139585
 247.3774282524 -40.2590867242
 247.7003717392 -39.9962980931
 247.8397146456 -39.7307656347
 248.8792180344 -39.7446893310
 248.9838924421 -39.6824831143
 249.4204742292 -39.6309414056
 249.4460076869 -39.4902753291
 249.5712111936 -39.4707007576
 249.4584737048 -39.4729326162
 249.5262783438 -39.4057237110
 249.3454612646 -39.3161054433
 249.3364564432 -39.2164204371
 249.1845456947 -39.1801988241
 249.2948691615 -39.1101703850
 248.3506282854 -39.5016619126
 249.4364609770 -39.1085169179
 249.9166230020 -38.9731417404
 249.4577237733 -38.7708489164
 246.2238054912 -39.6725413968
 250.5094262042 -38.1426652361
 250.2448868535 -38.1393042575
 250.5669176011 -35.6784012514
 247.3114562193 -48.9552791956
 248.3213969368 -47.6731563753
 245.3625500635 -48.1887208479
 245.3433687766 -48.1758645714
 250.2926101507 -45.6840541895
 253.5177437120 -43.1614141181
 254.4338964291 -40.9549378563
 250.2853319495 -42.4348870548
 252.2868611463 -41.7831149631
 251.4694562214 -41.0524565115
 253.0945935088 -40.5665518520
 252.5786701990 -39.5277106088
 252.2960852627 -39.3947677773
 246.0154916975 -43.3240441188
 247.8579435312 -40.2148233265
 246.1236742189 -39.8148649525
 243.7465248905 -27.8397995901
 243.0338643519 -25.7995117178
 245.6049296458 -27.3079596363
 248.2531164422 -26.2090426432
 244.7677515369 -26.9615679153
 244.7634559087 -26.9568263735
 245.3121966470 -25.5003703587
 243.6718386925 -25.9349003642
 242.9327072932 -25.4431608699
 243.4099361985 -24.7254291580
 243.0569591662 -24.5270313252
 242.4313673852 -24.7195006820
 242.1901725218 -24.5000968521
 243.4220301668 -23.9061868252
 245.2122469703 -22.8945752270
 245.2094687219 -22.8955980993
 244.1734012114 -23.2609497423
 244.9294788936 -22.2716705307
 244.5012222739 -22.1366527791
 245.0438152150 -21.6526155373
 244.2447859802 -21.3042459377
 249.0320403197 -35.7310607462
 247.1687821820 -33.7084835091
 248.1410573082 -32.9727729675
 246.9821926487 -32.3505597050
 246.0577394403 -32.1437920110
 247.6760825128 -31.6087346979
 247.5027521342 -31.6478847104
 247.8946801845 -31.6139056549
 248.2748385968 -30.9886279523
 246.6307437400 -31.4046389117
 247.5276339805 -31.1837387706
 247.1429521125 -30.3601252288
 247.4932110259 -30.2209498824
 254.2740743851 -34.2581292797
 252.7872787014 -33.0165139218
 252.9675915000 -32.0734979276
 252.6825493548 -30.5911406426
 254.3771629962 -30.0954456274
 253.4394580830 -29.6941900069
 249.8475341496 -31.3581637079
 250.5321354429 -30.6439446765
 250.6543965268 -30.5273466597
 250.3152735177 -30.6128445791
 250.0998799451 -30.3627855026
 250.8549286350 -30.3800598323
 251.2703129658 -30.2326302407
 250.6215234383 -30.2640535291
 249.2457225965 -30.6557025178
 248.7245971218 -30.5287893513
 249.7515505105 -29.8248718901
 249.5903503193 -29.5193364201
 247.6080900163 -29.9992757735
 248.0249661683 -29.5067251193
 249.1692437094 -28.8880427409
 250.8019342081 -29.1993482441
 249.2858799160 -28.8771634057
 249.5844382415 -28.1648823543
 250.4524398694 -27.6012912581
 252.5161904238 -28.3979456186
 250.9595006317 -27.6850165419
 253.7019178762 -26.4122067796
 245.0314937117 -31.2936508094
 245.2542520375 -30.6245348926
 246.5013241435 -30.8220087800
 245.9539721495 -29.5277654500
 245.0709381987 -27.7429005465
 247.3673042894 -29.6600270516
 247.4595970772 -29.0649350243
 248.7443247358 -28.7362523007
 248.6594062281 -28.5974405415
 247.1921137996 -28.8291333147
 247.4652508018 -28.4145423481
 247.7292215746 -28.0063411308
 249.3190967278 -27.7504260872
 250.1552804349 -27.3351315668
 249.2203189674 -27.1386117158
 248.2034302655 -27.6301380424
 248.3959336732 -27.2625592561
 247.7067905330 -27.2297140854
 248.2501906799 -27.1485088290
 248.0552526521 -26.7603745687
 248.9405349827 -27.1880492072
 248.6463740165 -26.9676094768
 245.7148726423 -27.9271148658
 247.0588078937 -27.4456152795
 247.6006093374 -27.1716949774
 247.8142302591 -26.9542751999
 247.1853027153 -26.8061135807
 247.1845360522 -26.8057588967
 247.4831984259 -26.5907358185
 247.9538167543 -26.2423659193
 248.6913848653 -26.0218181522
 247.5445811247 -25.9071886329
 251.1545104926 -25.0203464943
 245.3074893202 -25.5588027906
 245.4051149058 -24.8661107346
 248.0496407105 -41.9716370579
 249.6285002175 -40.6290388290
 249.4493150769 -40.4435814002
 250.2848793611 -40.2258578421
 250.2767470101 -39.7784314877
 250.0906952537 -39.4785207242
 250.2523103549 -39.2457814086
 250.1399514902 -39.1228119715
 250.1509376565 -38.9173575775
 251.5852130559 -40.0771003679
 251.8527526402 -39.4968558393
 252.1365318092 -39.1777995473
 251.3797394941 -39.1591402780
 251.2992178103 -39.1429465565
 251.4985410734 -39.1557572033
 251.0022037509 -39.4170923392
 251.0601646318 -39.3506914919
 250.9467177489 -39.3075193300
 251.2167643172 -39.1132006316
 250.9167716617 -38.9824299789
 250.8279501778 -38.9288516199
 250.6859840010 -38.9464640364
 250.5975996471 -38.8889664650
 251.0255212079 -38.6440983087
 246.7440916635 -42.8259088451
 250.4078985607 -37.3976764129
 250.9029910505 -36.9941856071
 254.2128426048 -43.9685692354
 252.2607362217 -41.6078823583
 252.4058664722 -41.4041205640
 250.9752644102 -41.1134414200
 252.0823022510 -40.6580418451
 251.0977008853 -41.0810070983
 251.1274334820 -41.0734108968
 251.1478767322 -40.9870143129
 251.5533337663 -40.4302282722
 249.4844524866 -40.9385006727
 250.6660828107 -41.2345844001
 250.1186991397 -41.0806459514
 249.7936425711 -40.8132167797
 251.0012659636 -39.9955049195
 251.1158233328 -39.8136546085
 250.8638291610 -39.8286565364
 250.9602404553 -39.6682663498
 250.2048709386 -40.1371434005
 249.8321161552 -39.8810042116
 249.4547516859 -39.7115298571
 250.2790407872 -39.5262075826
 250.7886072259 -39.2507752236
 249.9912339770 -39.7890384009
 249.9690331921 -39.7419872379
 250.0292874789 -39.7046931694
 250.0905259149 -39.4439488979
 250.1287960087 -39.3205210273
 249.7789426737 -39.5652475474
 249.9705574689 -39.3147983725
 250.3945570301 -39.1944253752
 250.3844847986 -39.1019961989
 250.1429487014 -39.0041639037
 252.2047127553 -40.6494616031
 252.3945755620 -40.4683838895
 252.8507052733 -39.9371896743
 252.0743349514 -40.3445710435
 252.2918490621 -40.2777831867
 252.0611970188 -39.9112355170
 252.5511612532 -39.8388280536
 252.3785504974 -39.8338348378
 252.9254867510 -40.0046929979
 253.0620325718 -39.7028906591
 253.4633999267 -39.6154042754
 253.1889137121 -39.3916318846
 252.9126022350 -39.5458328038
 252.9892840117 -39.0596220998
 251.8290787355 -39.5757764096
 251.6601344314 -39.6569703302
 252.0248240104 -39.4612101115
 251.8521047139 -39.3134612579
 251.5794316570 -39.4565940433
 251.2614279131 -39.5376202902
 251.5705655040 -39.2727314728
 251.7951219290 -39.1438665444
 251.9588452129 -38.9668219183
 251.6003778698 -39.1610057372
 252.5601687596 -38.7024285378
 252.0299474906 -38.8983722523
 251.8839906667 -38.5662596829
 252.0014798385 -38.5550241614
 250.9476481889 -39.3058006263
 250.9530988667 -39.0634789753
 251.3520703207 -38.4871645299
 251.4101949717 -38.3830195038
 251.8690730793 -38.3495520745
 251.8677374939 -38.3480145076
 251.9666646373 -38.1528359080
 252.1761545071 -37.7495676188
 251.2021152442 -37.8106658202
 252.4202397556 -37.8359098738
 248.1867244491 -40.9562505871
 249.2821127947 -39.5654984567
 249.2108034551 -39.5651855591
 249.4396215615 -39.3873139041
 249.2738679128 -39.2072242832
 248.9457612891 -39.3453286287
 248.9458967641 -39.3448660525
 249.1828940331 -39.1187351582
 249.1863409916 -39.0614584513
 249.5959886750 -39.4115677446
 249.6727484611 -39.2483101875
 249.6288496691 -39.1524244138
 249.6321436949 -38.9941608039
 249.4675918940 -38.8348538907
 248.0760835063 -39.2633357746
 250.4103854216 -38.3485680496
 251.0345080058 -37.8741203905
 251.0980142974 -37.7228177728
